[Shape:0]
m000=10210.000000
m100=3728903.000000
m010=4934208.000000
m001=0.000000
xmean=365.220666
ymean=483.272086
zmean=0.000000
mu002=0.000000
mu020=12692976.144559
mu200=8557879.839467
mu110=5396000.989811
mu101=0.000000
mu011=0.000000
eta002=0.000000
eta020=57.305434
eta200=38.636566
eta110=24.361519
eta101=0.000000
eta011=0.000000
I_1=95.942000
I_2=1620.601626
I_3=0.000000
J_1=95.942000
J_2=40.256696
J_3=-0.000000
EllipsoidalAxisA=42.796411
EllipsoidalAxisB=78.731876
EllipsoidalAxisC=0.000000
RowMean=483
ColumnMean=365
PlaneMean=0
RowMin=399
ColumnMin=307
PlaneMin=0
RowMax=545
ColumnMax=421
PlaneMax=0
ColumnStart=307
RowStart=410
PlaneStart=0
Perimeter2d=519
FeretMin=138.357392
FeretMax=177.194555
RotationAngle2d=0.602444
cellmask=47.562683;     5.178605;     2.275654;    61.000000;    40.000000;    47.000000;485615.000000;10210;
cellgood=   255.000000;     0.000000;     0.000000;   255.000000;   255.000000;   255.000000;2603550.000000;10210;

[Shape:1]
m000=11911.000000
m100=6721051.000000
m010=4536562.000000
m001=0.000000
xmean=564.272605
ymean=380.871631
zmean=0.000000
mu002=0.000000
mu020=17748938.724197
mu200=7686979.851058
mu110=594018.813280
mu101=0.000000
mu011=0.000000
eta002=0.000000
eta020=65.249134
eta200=28.259085
eta110=2.183748
eta101=0.000000
eta011=0.000000
I_1=93.508220
I_2=1839.112149
I_3=0.000000
J_1=93.508220
J_2=42.884870
J_3=-0.000000
EllipsoidalAxisA=50.279448
EllipsoidalAxisB=76.650576
EllipsoidalAxisC=0.000000
RowMean=381
ColumnMean=564
PlaneMean=0
RowMin=302
ColumnMin=509
PlaneMin=0
RowMax=469
ColumnMax=623
PlaneMax=0
ColumnStart=509
RowStart=335
PlaneStart=0
Perimeter2d=564
FeretMin=114.197116
FeretMax=167.288758
RotationAngle2d=0.058764
cellmask=47.957434;    11.504737;     3.391863;    67.000000;    39.000000;    48.000000;571221.000000;11911;
cellgood=   255.000000;     0.000000;     0.000000;   255.000000;   255.000000;   255.000000;3037305.000000;11911;

[Shape:2]
m000=271.000000
m100=157515.000000
m010=195386.000000
m001=0.000000
xmean=581.236162
ymean=720.981549
zmean=0.000000
mu002=0.000000
mu020=17082.907749
mu200=14712.885608
mu110=14617.180811
mu101=0.000000
mu011=0.000000
eta002=0.000000
eta020=9.740982
eta200=8.389552
eta110=8.334980
eta101=0.000000
eta011=0.000000
I_1=18.130534
I_2=12.250588
I_3=0.000000
J_1=18.130534
J_2=3.500084
J_3=-0.000000
EllipsoidalAxisA=4.213640
EllipsoidalAxisB=20.980525
EllipsoidalAxisC=0.000000
RowMean=721
ColumnMean=581
PlaneMean=0
RowMin=704
ColumnMin=567
PlaneMin=0
RowMax=736
ColumnMax=594
PlaneMax=0
ColumnStart=567
RowStart=712
PlaneStart=0
Perimeter2d=117
FeretMin=36.728666
FeretMax=43.530271
RotationAngle2d=0.744951
cellmask=51.815498;     8.788055;     2.964465;    63.000000;    45.000000;    52.000000; 14042.000000;271;
cellgood=     0.000000;     0.000000;     0.000000;     0.000000;     0.000000;     0.000000;     0.000000;0;
